9.006172462327456
12.110535028081621
11.921230954444844
13.482792103490329
11.834060801373667
11.790464107846581
11.268239696282988
10.72116482534969
11.59077759894663
11.659700425172142
8.04004824460894
10.591734692779765
9.655271964915137
8.305609230706487
7.732357616682853
11.827878953598653
11.330663304596172
12.38166915733382
11.644878395871167
12.248968670026143
11.684534806997526
11.126244357058706
10.864044324047791
11.979422541584709
11.983808080393004
10.90779933501419
9.646260967069297
9.911857625328363
10.508444868736975
9.690853152041887
12.909672321297268
3.950667245328435
12.360868792729589
12.831252210184505
12.670688451935034
12.099404019328105
-0.1670404500373108
11.303087339218173
11.4931024317809
11.179796281525688
9.080225865341852
-2.441655039739502
8.86486539672925
9.553740470382612
9.564478539198348
0.0
0.10571514324688333
4.097932750550076
2.0912995156597916
2.2655739030168256
5.0388294611404225
0.14907479880041014
4.663443856742125
7.017438660370577
6.21128505502832
0.7901425695617885
-0.8749867284043538
4.180114342778724
2.4714502810077454
2.552260853379657
12.215206323985608
13.886764463642344
14.298368703575713
12.96373063336284
14.000295023403536
10.575144562690195
12.482881849395246
10.263717929087266
10.603255878585085
10.82464816923814
9.71943916193139
9.672853276928796
9.602359796993445
9.634540113410374
11.81062274994111
12.838817293955268
13.074974638220692
13.605862828981053
13.061174952653662
12.648761875403299
11.07387608814682
11.652393013821964
11.636377788584898
11.441625139807972
11.860481889177656
8.866131175412471
9.774253954664736
9.766615169062689
9.750891255901207
9.955677719713243
8.613975308198029
10.068535729624337
11.939449176600776
12.79254478065268
13.533364534721624
5.956517628095907
7.767606582183785
11.320683508991868
10.200283622267317
12.045106127075446
3.3920092918422293
2.792646334404231
9.336961114125224
9.69547908345101
9.31876548930892
3.858893002856652
-0.07818095978406991
3.352192343637515
3.8947603996752718
3.2100859537611983
2.741440127168655
2.989951746278069
4.130847256154563
2.5638047233114136
6.425703536592661
0.7626799451063812
-0.46722972907314086
0.0
3.1742856383120475
0.9661373831114992
12.292829992970109
12.852668158752177
12.908251618994004
12.947685885938435
12.540870740547694
11.54943665921018
10.528910520877226
9.82541646304695
10.416575470455864
10.454744493164252
10.172663801092977
8.528354117818218
10.36898082237477
9.728128283476805
9.791734341418046
11.04596862132409
13.220993469564936
13.094320207606136
13.280779497026353
13.407531232650355
11.53873898478596
11.46343732605325
10.61390060245798
11.865347373569193
11.67707747838115
8.346419719650015
10.453847099923447
11.56753870003538
9.917628116476553
9.238047834860112
2.020399159157156
11.688146352165251
12.25563674519858
12.074014257802375
13.83578910572106
0.6248428827491154
11.105549697481889
10.646908630236227
10.9460166294985
10.606426401782326
-0.7815738847608295
9.712813625243513
11.097871999108285
9.093273437499343
9.31009596906253
0.2930206959882947
5.194675028951962
3.025135403694712
1.0476665077483351
1.014809247571005
-0.12788074573221653
7.217938096097587
2.739984118388319
3.065628864705414
2.523683939797181
0.0
1.6754549727047108
0.8326597181021793
1.6621156601342266
2.72027010309378
11.976150344203798
13.576389937358089
13.947545381415072
15.739475891210711
13.163626792722699
10.66555662988109
10.240323681629844
11.7674127037019
10.920191912832708
11.370085800146576
12.161398233545363
12.14924161785656
10.253124432578709
10.426040657029265
10.882919179091884
12.231415474233474
12.174531502677004
13.041760717524799
14.226510140143322
12.479204646571166
10.823002052034592
10.921345308901227
11.187047139795862
11.535064118462925
11.292060880899474
9.942481891463556
10.798598317195557
11.408722508897544
10.100952027665333
10.504772045178786
6.986632902463134
5.106328527247289
12.694928461227367
13.72022820789407
13.136154593884571
4.970339653593058
4.282331383353058
9.810930041429014
12.185271278945642
11.220181120449068
4.502193981684117
1.04486561665109
8.496272723523592
9.427105569729532
10.676858865827452
0.3628359961778911
1.4589200731248755
5.289682088602217
4.3300936080110475
3.2161321953618005
4.5975722529918785
1.609483111716293
4.549608848368021
6.256263606991747
6.812819189153442
0.9756243259520361
-0.33817989428987916
0.0
1.0115251516802388
0.9488783122279977
0.40737844494974484
-0.4235617381479132
-0.22614323812416642
0.6947068826329763
1.3266976462754079
0.500285845699669
0.35070489674402205
1.1966162453526104
0.594896725390211
1.1818635516510856
9.322977685734278
10.31319894975308
10.380227938022125
9.599708727317815
8.790909802694813
0.0
0.0
0.0054175672489467225
0.0
0.00532297040487963
0.0
0.0
0.0
0.0
0.0
1.05514637460911
0.0
0.0
0.0
1.2455919903652524
0.03384316056976041
-1.894035673068375
0.03384316056976041
0.03487910486330544
0.0
0.0
-1.0
0.0
0.0
0.0
10.112103383587506
0.2571956026089699
9.644402530609621
10.192457691745652
10.570250396437922
0.0
0.0
0.0
0.0
0.0
0.0
0.0
0.0
0.0
0.0
0.0
0.0
0.0
0.0
0.0
1.1526102756322993
0.26981216079430703
1.1619066306359114
0.617871277922104
1.2836182165717114
0.20881109157236621
0.5617227174388224
2.2739527872230685
0.2046557508500762
0.0
10.557076524927592
10.949250887712513
11.001113640644032
10.97171213230348
11.29489676884812
0.0
0.0
0.0
0.0
0.0
0.0
0.0
0.0
0.0
0.0
0.0
1.0370514510032198
4.4308404436211974
0.0
0.0
0.0
0.0
0.0
0.0
0.0
0.0
0.0
0.0
0.0
0.0
2.162308579795253
1.2638282233786593
9.415629381923306
8.687719120791954
9.703270738318263
0.0
0.0
0.0
0.0
0.0
0.0
0.0
0.0
0.0
0.0
0.0
0.0
0.0
0.0
0.0
0.69956038566842
0.31614536930259973
2.035611609054132
0.29886369572953086
2.227387701454914
1.6951914066172353
1.661407665419177
3.5217951349125163
0.5424151764405785
1.2612287220175527
8.20875646906151
9.56839214306232
9.580173282112643
9.862881496220798
9.441575303276226
0.0
0.0
0.0
0.20046489313094226
0.0
0.0
0.0
0.0
0.0
0.0
0.9226771335105408
0.0
0.437755112163871
0.0
0.9027524291062394
-0.9838811339083329
0.3443937057315428
0.0
0.0
0.0
-0.43948854379279656
0.0
0.34349865575616795
0.0
0.0
-0.9167363144540703
8.614070554901664
10.373606530313324
10.214314727657843
9.701446016614389
0.0
0.0
0.0
0.0
0.0
0.0
0.0
0.0
0.0
0.0
0.0
0.0
0.0
0.0
0.0
0.012608608180041031
0.18375640383803862
0.1765069320129452
0.31283433286201817
0.05513215093430489
1.817021327383977
2.8457448974448614
0.11983165605434686
-0.40974722866147184
0.3264436743052917
11.149912905573396
13.26975139344758
11.90931151273384
12.331195046626474
11.384460878570493
0.0
0.0
0.0
0.0
0.0
0.0
0.0
0.0
0.0
0.0
5.211353497595988
1.1979635503356254
2.1109707295875504
1.9329081965930366
1.0419382711025225
0.0
0.0
0.0
0.0
0.0
0.0
0.0
0.045521300048064275
0.0
0.0
5.43375665031965
7.0133551840627515
9.830534498417737
9.415777306869305
12.3134903762745
0.0
0.0
0.0
0.0
0.0
0.0
0.0
0.0
0.0
0.0
0.0
0.0
1.414390841158442
0.0
0.0
0.0
0.0
0.0
0.0
0.0
0.0
0.0
0.0
0.0
0.0
7.009830048189157
6.268694659373727
6.85294510788647
6.443713995769183
6.322313842598175
0.0
0.0
0.0
0.0
0.0
0.0
0.0
0.0
0.0
0.0
0.0
0.0
0.0
0.0
0.0
0.0
0.0
0.0
0.0
0.0
0.0
0.0
0.0
0.0
0.0
5.970051301996646
-2.538353434921445
3.7999102090496044
4.182643506791501
3.581440602765284
0.0
0.0
0.0
0.0
0.0
0.0
0.0
0.0
0.0
0.0
0.0
0.0
0.0
0.0
0.0
-0.9
-1.0
0.0
0.0
0.0
0.0
0.0
0.0
0.0
0.0
5.436105842785546
6.161117738606388
6.190127969286861
6.228756471399385
6.480239703040961
0.0
0.0
0.0
0.0
0.0
0.0
0.0
0.0
0.0
0.0
0.0
0.0
0.0
0.0
0.0
0.0
0.0
0.0
0.0
0.0
0.0
0.0
0.0
0.0
0.0
0.45998032277486933
-1.701754112613251
6.5420016465163835
6.0543203727511345
5.249592541618273
0.0
0.0
0.0
0.0
0.0
0.0
0.0
0.0
0.0
0.0
0.0
0.0
0.0
0.0
0.0
0.0
0.0
0.0
0.0
0.0
0.0
0.0
0.0
0.0
0.0
6.442437272808965
6.519002657868754
7.208373259555824
6.690048135994273
6.56082358091457
0.0
0.0
0.0
0.0
0.0
0.0
0.0
0.0
0.0
0.0
0.0
0.0
0.0
0.0
0.0
0.0
0.0
0.0
0.0
0.0
0.0
0.0
0.0
0.0
0.0
-3.9408805160157945
7.150897870245205
5.127627870046993
7.154003294196816
5.510383415642006
0.0
0.0
0.0
0.0
0.0
0.0
0.0
0.0
0.0
0.0
0.0
0.0
0.0
0.0
0.0
0.0
0.0
0.0
0.0
0.0
0.0
0.0
0.0
0.0
0.0
6.647581689083638
6.8856382671989875
6.873730465029307
6.172448136414325
6.673781509854965
0.0
0.0
0.0
0.0
0.0
0.0
0.0
0.0
0.0
0.0
0.0
0.0
0.0
0.0
0.0
0.0
0.0
0.0
0.0
0.0
0.0
0.0
0.0
0.0
0.0
0.4864374513520643
2.0738998204299786
6.124180250292794
4.221531504780496
6.2429863465304845
0.0
0.0
0.0
0.0
0.0
0.0
0.0
0.0
0.0
0.0
0.0
0.0
0.0
0.0
0.0
12.07714646317523
14.276113002285701
12.535781624173426
11.822091651597617
11.984302692768836
11.336399361681735
11.93138657220965
12.113095106906977
12.234985161353489
12.666395858994884
8.822291584544015
8.929284243491832
8.54084076691338
9.387887023322559
9.079164422415243
13.137447413233252
13.387062906602036
12.21949033165049
12.375374147401708
13.504611901708508
13.095096260856588
10.328469400131775
10.742532746291001
11.393794154027654
11.026877150358803
10.062394791983042
9.575719771120957
10.575294064524346
9.588436488959413
9.28814024575144
12.676743989766157
3.603896555309509
12.402336067749072
15.148278239699431
14.003400449198587
10.590136612367615
0.9440734860145616
10.508213796726038
11.98017485827505
11.052053067616963
9.151815101724926
-2.2869002503427116
10.084693696763754
8.682123513201292
8.544607163456138
7.904062384585993
0.17261056250705975
4.7841563414946995
4.52570510474979
4.8097881534404205
3.4818896286394416
2.3303202660044278
2.314140547088165
5.700493230098748
6.589215007430169
4.265367135469647
0.798627156414629
0.0
0.0
0.9931953941697057
12.064480260039494
12.011711439177063
12.570582203759518
12.082416404590443
12.532132639119641
11.111204394892377
10.816500698634844
10.842131619704634
10.558301135282115
10.81978571602654
11.694292685951702
11.471449062209931
11.665763056194404
10.077367211507577
11.489464927764928
12.561389074750752
12.532379313389919
13.604205993469993
13.00028243697584
12.86430176134566
11.428537850608244
11.545602062841814
11.478669288349693
11.066456046778002
11.446981726278642
10.462882319684324
9.610381687739473
11.11521934690041
10.658446253086836
10.410746431850155
7.252969138711195
9.712020263274734
12.162787405504806
13.1662995453589
12.696911461849707
6.407874222096236
4.097725722125929
11.503922144539592
12.22077452744425
12.570033595867695
3.727790977176875
5.15868430563655
9.589794412248366
9.359186626610633
10.424983853748921
0.15178377446685387
-1.4011251875058526
5.024070947936287
3.209988630471864
4.113814858506241
2.145255460582656
0.05361228677040728
4.864169883046192
6.256400502815306
6.913446195666866
0.0
-0.390114285174196
0.0
3.3889276526548047
0.0
12.017798940866825
13.492483410166326
13.831756543496539
12.316937666139186
12.653581799477017
12.158110139349148
9.35786419774036
12.419229364678143
10.612671321196851
12.293912085285548
9.429269458267552
8.634195444101357
8.414037619086422
10.736383731734227
8.978607779016674
12.976981173304877
13.992509204457319
12.313910128643665
12.863619876156175
12.296371221579337
10.951770242392735
11.842122348231186
11.223095010820192
11.126414391521894
11.328989664210411
10.006550150845316
10.211615064536945
9.86871511668604
9.72290743185409
9.782897917408691
3.6403607833635006
10.428648126035831
13.292842541468392
13.478517712575284
13.169102259623369
1.7136845237374647
9.727529433938937
10.86044771224611
11.060749571256435
11.52914637077904
0.8496948500808756
9.058487089142064
9.014688826059022
8.858236076700521
9.372379839536112
0.7602754269196546
4.093318387799011
4.225932017085018
3.8944447794847217
4.4235681866255945
0.039082819152693835
6.831940595012722
4.807362405382702
4.424103313564544
5.699060108050462
-0.08721204186178114
2.3596965172739996
0.0
0.0
1.9429176387176352
11.415063944708164
12.674515572444811
13.157181099031071
13.599638376969839
13.393447463931741
11.102259276967919
12.022688539307126
13.287585985896808
10.861889198414996
10.802486524847705
9.80421496076875
9.11215389163634
10.601477212968016
11.4001018732511
10.024755723883349
13.126650103133684
11.659877959210718
13.100300187056638
13.545067837344165
12.57313269657529
10.728039346703156
10.782055940334489
11.069006210269782
10.849102284759613
11.137503548644466
10.078632680362189
10.096719353937623
9.667042203710867
10.815220851549803
10.392801458724005
7.597291888900984
6.00129521438114
12.345648784743654
13.60503684836197
13.278929061338072
7.165394392593525
5.060504776358697
11.011569093564894
11.947042166541292
11.777047465827907
6.621708387975762
4.261058124032733
10.497024520977593
11.526503706065814
9.667799548561852
0.0
0.3969467056116256
3.6294584533388408
3.347247612637573
5.971993818993617
3.0697278583768055
0.29851717146610307
1.926652381906312
3.8355135296143255
5.333559309824552
0.917567814320507
1.1158197702237587
0.0
1.7324828314169682
0.8892037473639705
1.8800839102330869
2.30696038238496
1.2034716389136453
0.5895184437234582
0.1901390663119653
0.41683818681270546
1.4908174631738649
-0.032774002127573476
1.4495770663066212
1.214272579639569
10.787311823658257
9.779720507202935
10.941068916866953
9.947351470667117
9.756709864620664
0.0
0.0
0.0
0.0
0.0
0.0
0.0
0.11774648144009614
0.0
0.0
0.0
0.0
1.0203042005711445
3.410705123662537
0.0
0.0
0.0
1.1289490736724144
0.0
0.0
0.0
0.0
0.0
0.0
0.0
7.566085006971081
-0.9597936745512576
11.171805582389446
9.372962764685893
8.864346381597201
0.0
0.0
0.0
0.0
0.0
0.0
0.0
0.0
0.0
0.0
0.8582619050878488
0.0
0.0
0.0
0.0
0.0
0.09289256954197375
0.013601021890500001
0.09862364407697143
0.0909230324136186
0.11105119323130866
0.7628065203499661
0.0
1.986625497829089
0.30668983734693755
9.699257494752771
9.6637193896928
9.560103429836142
9.354877102155868
9.61197976873202
0.0
0.0
0.0
0.0
0.0
0.0
0.0
0.0
0.0
0.0
0.0
0.0
0.8895762414782582
0.0
0.0
0.0
0.0
0.0
0.0
0.0
0.0
0.0
0.0
0.0
0.0
3.2691290695810338
2.214598659165574
5.828749205654987
3.850294573864856
9.842383706876966
0.0
0.0
0.0
0.0
0.0
0.0
0.0
0.0
0.0
0.0
0.0
0.0
0.0
0.0
0.0
1.5144721066495235
0.8280499235214925
-0.6745061669955282
1.5938262834957793
0.6250769452394711
-1.71804016878295
0.8635207963815963
1.378449890950408
1.08859846092596
0.3228640380114375
10.78333552272027
10.006107030769567
9.997339440754695
10.104858169647898
10.104034645866188
0.0
0.13811472970649086
0.0
0.0
0.0
0.045000000000000005
0.0
0.0
0.0
0.0
2.5851394576809588
0.0
1.1154581221036446
0.0
0.0
0.0
0.0
0.0
0.147136282555264
0.0
-2.0
0.20836988386749908
0.0
0.0
0.31532233646145963
0.35328288094049376
9.441698238968126
10.540226668319487
9.15689748867131
8.632163170515572
0.0
0.0
0.0
0.0
0.0
0.0
0.0
0.12406049018553672
0.0
0.0
0.0
0.0
0.0
0.0
0.0
-0.4053564507010655
0.047045562011968745
0.0588782367462657
0.04611217987617672
0.01147068813443403
0.014717872751810216
0.0
0.16353191946455795
0.014717872751810216
0.09101157253880013
9.951131339445928
9.877485382377543
9.528045765296346
9.846583734139756
9.801184254524655
0.0
0.0
0.0
0.0
0.0
0.0
0.0
0.0
0.0
0.0
0.0
0.0
0.9792497103457203
0.0
0.0
0.0
0.0
0.0
0.0
0.0
0.0
0.0
0.0
0.07698783219154921
0.0
1.4850945678073615
2.455105574693116
8.239256808260393
8.493973061205693
9.423651009955329
0.0
0.0
0.0
0.0
0.0
0.0
0.0
0.0
0.0
0.0
0.0
0.0
0.0
0.0
0.0
0.0
0.0
0.0
0.0
0.0
0.0
0.0
0.0
0.0
0.0
6.509389058216047
5.6051302599617125
5.827981146237319
5.694493475496745
5.4927583640280915
0.0
0.0
0.0
0.0
0.0
0.0
0.0
0.0
0.0
0.0
0.0
0.0
0.0
0.0
0.0
0.0
0.0
0.0
0.0
0.0
0.0
0.0
0.0
0.0
0.0
6.447315606277859
-4.569080185758755
5.188878123888331
6.125256822674446
6.15124156312394
0.0
0.0
0.0
0.0
0.0
0.0
0.0
0.0
0.0
0.0
0.0
0.0
0.0
0.0
0.0
-1.0
0.0
0.0
0.0
0.0
0.0
0.0
0.0
0.0
0.0
6.9841263664241655
7.605645811646577
7.1355043769547395
6.960345125611476
7.04165610522431
0.0
0.0
0.0
0.0
0.0
0.0
0.0
0.0
0.0
0.0
0.0
0.0
0.0
0.0
0.0
0.0
0.0
0.0
0.0
0.0
0.0
0.0
0.0
0.0
0.0
2.181266440539025
-0.20129055901316295
3.9747286309480865
6.341595117326919
2.7058206588862257
0.0
0.0
0.0
0.0
0.0
0.0
0.0
0.0
0.0
0.0
0.0
0.0
0.0
0.0
0.0
0.0
0.0
0.0
0.0
0.0
0.0
0.0
0.0
0.0
0.0
5.999002798812057
6.02679925501253
5.06781324989524
5.968042618900088
6.134731060314748
0.0
0.0
0.0
0.0
0.0
0.0
0.0
0.0
0.0
0.0
0.0
0.0
0.0
0.0
0.0
0.0
0.0
0.0
0.0
0.0
0.0
0.0
0.0
0.0
0.0
-3.154207173955879
7.122908377717507
6.523544717154388
5.873544446128521
6.532704857091073
0.0
0.0
0.0
0.0
0.0
0.0
0.0
0.0
0.0
0.0
0.0
0.0
0.0
0.0
0.0
0.0
0.0
0.0
0.0
0.0
0.0
0.0
0.0
0.0
0.0
6.269526288847285
5.809443629015205
6.133122476660668
5.551960486170308
5.79435666665588
0.0
0.0
0.0
0.0
0.0
0.0
0.0
0.0
0.0
0.0
0.0
0.0
0.0
0.0
0.0
0.0
0.0
0.0
0.0
0.0
0.0
0.0
0.0
0.0
0.0
-0.6828769443608512
1.7376891579431595
5.028087598402976
4.9528038058435095
6.1054049985313155
0.0
0.0
0.0
0.0
0.0
0.0
0.0
0.0
0.0
0.0
0.0
0.0
0.0
0.0
0.0
11.991676576540078
11.607748901167463
10.427135353113123
13.15799245580028
13.467843594294449
11.308547417287919
11.614738795791105
10.366075596793342
11.887485367383956
11.285154232857744
9.515261223501971
9.406080742264017
10.752615594776433
10.290527193636256
10.246572706240547
12.700109161292685
11.632188548209836
11.9130951423267
13.298831763494222
13.086567721442533
11.255388524852684
11.905466369371997
11.842025563438895
11.840416059382013
12.609738080344906
9.44426626794015
9.238258763413839
10.015525713484168
10.111444261413432
10.325869237205275
12.174435971516338
1.037641839897759
11.958173873668297
11.838078782209958
12.276652359929487
10.521631525107583
1.6986174665798146
11.321008191069605
10.502071877193714
12.138953959924061
9.442181687247361
-1.0550094567376664
9.217290491976982
9.886603307836218
8.161389426861522
2.251154595613077
1.1658827807708345
0.0
0.0
4.949627068298573
8.118303919530655
1.242263664846589
5.718676734772858
4.512902237078129
6.598785492637655
5.231083234886963
0.9079932914193555
0.0
0.9279642446208648
1.6001867947210346
14.02618795460812
12.17761070722303
13.24191271510155
13.84807716604871
14.567176022138566
9.848099404005918
11.001595265476894
10.872148266473076
13.102123019230005
11.222039660408884
8.458074444639779
9.213315509310407
7.724986036801324
9.122581984123084
9.391009910990832
12.176872372571346
11.9432405675117
13.484119138737707
12.523083033218551
11.586904949358003
12.099321813060508
11.991848623962374
11.354156956007014
11.723423898098297
11.608361220317624
10.10009416235539
9.701664909624263
9.776944826462545
11.09191744173452
10.171549970102255
7.547215234746305
9.613055029074967
12.699205998043594
10.935423740787087
11.692728036595668
6.686378507392636
6.039409879522556
10.36082149973838
11.859132758868148
11.148332548385703
5.277035345976287
4.51462086021566
9.342305903475511
9.237131137130735
9.223761293594912
0.7543161186794699
1.194693576357126
8.528087638763036
3.410554601635334
3.974617233689409
2.8780804447672668
1.3261823502992374
1.1152581132127788
3.694190165488972
1.1990805460594665
-0.429116400715313
0.8236486183231474
1.1045581633369603
0.0
2.587856061895556
10.33535965852851
12.544991136651515
11.818559002449557
11.822694641264603
12.616011598949274
11.338873448828288
11.24554137848352
10.856299504226689
10.121796225201692
11.820907494146585
9.001000078704806
8.307027378432066
10.123892834978644
9.686764322082231
8.661103608696894
13.132475403011679
12.47722625560218
12.1657306667584
12.224622396338406
12.666168775139017
10.70775380639205
10.713418627224826
10.791730723524037
11.29720866751011
12.021642464537294
9.435981104414736
9.61648215609449
10.33658129259978
9.52985073665867
9.607643485874082
0.9329939765043551
11.932024485501017
11.651737311382082
12.675385505398651
13.027282550028662
0.8833907995474111
9.379888781758766
10.987385584634746
11.695212612604571
11.988922879377126
0.19442002735313746
8.81929373873289
9.49476902133346
9.49131049938591
9.420813615769617
0.9534599105930951
1.3100517793556046
4.554794529007882
4.6121797945084255
3.256426871393236
-0.29508504283372605
8.139317678124018
3.852498850334217
7.706693301413787
7.117176395147884
-0.7175918016242384
0.6210903759901036
0.9376896906636647
0.721105330807859
5.178837441508567
12.435879771330024
12.59309706772199
14.546042934033624
13.617334161090412
11.46669652427166
9.790033814975951
11.849539450252035
12.943942157819576
10.498313453934388
12.916686184559977
9.245867302460091
9.006314944398197
8.757509739761339
8.404106222324945
8.59354347592713
12.308070984485436
12.160693307521425
12.61055336121714
13.168266204754268
13.110327334458749
11.757543565122345
11.03075025068324
11.17811374500001
12.697653968815802
11.677400334783071
10.786900084216397
10.568619461897832
10.061624423700602
10.192178888435937
10.93164840439792
6.835495859917147
7.600614277151628
12.718964384619778
12.370068167618006
11.994740418554663
8.124806604196806
5.452076400010757
11.584238024229759
11.531311893780218
11.466720953105638
5.635432500891023
1.6993101001312148
10.651222654485814
9.508433097443508
10.068766414042994
-0.05490086528408931
3.3173970016102223
2.3556247666220615
5.9580890242636775
0.9587291518237695
2.7379041113166123
0.6323395755336976
5.470385103351097
4.489680440168587
6.583925665516004
2.710691841432122
0.0
1.08434095966385
0.9355687309136549
0.8451237113276018
0.7045281361630862
1.4972807289992691
0.34679481214638214
0.4159092687451748
-1.4110094454597746
2.334453510837739
2.9412785334287084
2.07509824626094
-0.2264611057598045
0.9476693005790793
12.144740106894602
10.88579146246613
12.590082514619585
11.140855905647252
10.751700406884074
0.0
0.035834537980484436
0.0
0.0
0.0
0.0
0.0
0.0
1.0368400644490336
0.0
0.0
1.3690778314797287
0.9224106484070627
0.0
1.1683201544798558
0.0
-0.9959500000000001
0.0
0.10519496199844686
0.0
1.397013004607175
0.0
0.0
0.0
0.0
8.72187951837626
-0.3869036888252033
8.457349356098792
7.748447444003228
10.049725247528537
0.0
0.0
0.0
0.0
0.0
0.0
0.0
0.0
0.0
0.0
0.0
0.0
0.0
0.0
0.0
0.09264000373079147
2.098980964384063
0.0
0.18890828679456567
0.6389082867945657
0.22850150758623133
0.9051538340559427
0.9094415547652762
0.22216674273625442
0.09102642785775872
10.653430821869762
9.92490826832126
10.687186559479239
10.2627401360408
10.687872842812919
0.0
0.0
0.0
0.0
0.0
-0.021635732751007098
0.0
0.0
0.0
0.0
0.9905422899296163
1.0218121074545277
1.1216388703008433
0.0
0.0
0.0
0.0
0.0
0.0
0.0
0.0
0.0
0.0
0.0
0.0
5.022882081761822
4.962164766907767
10.020396965328317
10.858520145169845
9.93053314098863
0.0
0.0
0.0
0.0
0.0
0.0
0.0
0.0
0.0
0.0
0.0
0.0
0.0
0.0
0.0
0.4269292373421666
0.3341280268165832
1.333627057000788
0.16544996219073507
0.814444557479862
-0.9831952301239383
0.3979924327798785
1.616087457031304
-0.2498592331877362
-1.5717027450321672
10.976063006907806
11.919609037841047
11.016443292951992
11.429222709614587
10.762338548433599
-1.6725130474535914
0.0
0.0
0.0
0.0815453327368242
0.0
0.0
0.0
1.1637636661355595
0.0
0.8608214696350249
0.0
0.0
0.0
0.0
-2.21
0.0
0.0
0.0
0.0
0.0
0.09951680322283789
0.0
1.0996898082533992
0.015907471479026457
0.045631365417855924
9.653470860488738
8.301511430927388
8.489704867470865
10.971473558161993
-1.0
0.0
0.0
0.0
0.0
0.0
0.0
0.0
0.0
0.0
0.0
0.0
0.0
0.0
0.0
1.234000554636811
0.005615922870684502
0.005615922870684502
1.3611574000617543
0.005615922870684502
0.008941172637753849
0.1158501733700165
-0.8842340489748994
0.17517723361222828
0.044104500000000005
10.34095234743333
9.917753736577893
10.239285545034807
10.460560035572191
9.984153171834588
0.0
0.0
0.0
0.0
0.0
0.0
0.0
0.0
0.008461284986049205
0.0
0.706755970949902
2.228875986014553
0.0
1.510385880884634
0.0
0.0
0.0
0.0
0.0
0.0
0.0
0.0
0.004334269500000001
0.0
0.0
3.547494084283583
3.674771194861034
11.059680537592813
11.990164745918197
9.639864787147957
0.0
0.0
0.0
0.0
0.0
0.0
0.0
0.0
0.0
0.0
0.0
0.0
0.0
0.0
0.0
0.0
0.0
0.0
0.0
0.0
0.0
0.0
0.0
0.0
0.0
6.1813715932273015
7.556393860018586
6.502455208657812
6.47153849380947
6.756509186303587
0.0
0.0
0.0
0.0
0.0
0.0
0.0
0.0
0.0
0.0
0.0
0.0
0.0
0.0
0.0
0.0
0.0
0.0
0.0
0.0
0.0
0.0
0.0
0.0
0.0
6.676852239466184
-3.1931900651931517
5.439151905871486
4.931405984175774
5.609911554658426
0.0
0.0
0.0
0.0
0.0
0.0
0.0
0.0
0.0
0.0
0.0
0.0
0.0
0.0
0.0
0.0
0.0
0.0
0.0
0.0
0.0
0.0
0.0
0.0
0.0
7.107162373715153
6.695875048731815
7.930431627606613
6.294438947906989
6.734468327932707
0.0
0.0
0.0
0.0
0.0
0.0
0.0
0.0
0.0
0.0
0.0
0.0
0.0
0.0
0.0
0.0
0.0
0.0
0.0
0.0
0.0
0.0
0.0
0.0
0.0
1.0979246939454947
1.1231179214034357
4.04707172699623
5.940925020540518
3.5192127959379578
0.0
0.0
0.0
0.0
0.0
0.0
0.0
0.0
0.0
0.0
0.0
0.0
0.0
0.0
0.0
0.0
0.0
0.0
0.0
0.0
0.0
0.0
0.0
0.0
0.0
7.503224646352965
6.662201384098128
7.357901570930689
6.932828590122315
5.9680809629634854
0.0
0.0
0.0
0.0
0.0
0.0
0.0
0.0
0.0
0.0
0.0
0.0
0.0
0.0
0.0
0.0
0.0
0.0
0.0
0.0
0.0
0.0
0.0
0.0
0.0
-4.039312832791333
6.206746970973257
6.2381594978275805
5.0952531751448005
6.711376454177741
0.0
0.0
0.0
0.0
0.0
0.0
0.0
0.0
0.0
0.0
0.0
0.0
0.0
0.0
0.0
0.0
0.0
0.0
0.0
0.0
0.0
0.0
0.0
0.0
0.0
6.2326657568882275
6.507776974414727
6.050822162798587
6.4880370436233035
6.100144207854127
0.0
0.0
0.0
0.0
0.0
0.0
0.0
0.0
0.0
0.0
0.0
0.0
0.0
0.0
0.0
0.0
0.0
0.0
0.0
0.0
0.0
0.0
0.0
0.0
0.0
0.4049695657975575
-0.6471027255361093
5.873628061123393
6.480997668606512
6.4981813810769875
0.0
0.0
0.0
0.0
0.0
0.0
0.0
0.0
0.0
0.0
0.0
0.0
0.0
0.0
0.0
11.700518449073877
12.001265931627557
11.029295368816706
11.83375164343303
11.095430075833159
14.63241834726143
13.356225451869724
13.351674962863362
13.173882056279362
14.095345125625254
9.591923575070501
9.92585272479905
10.221037934755131
10.759324604119891
9.19077100914992
12.735635952559953
12.420265337132909
12.77751811103155
12.294532130052106
12.638127151202509
11.099678194913288
11.797145346793439
11.689934493227245
10.942879458109896
11.477017806143978
9.709135842779704
9.608143795755153
9.858702033322494
10.093212533164968
9.137819739208467
10.70968924917416
2.5688205148503833
13.121349533566296
11.863992755411626
13.206640488343742
11.35678115974545
1.998754075657244
12.780650264415407
10.751103849086036
11.889880205968842
9.748580514981867
-1.7174301022855154
9.859671202348387
9.116843598403436
8.62032121455428
4.790183845231175
-0.9251502997626887
2.1052721768961566
2.0915142355921015
3.0329516716349953
7.711015076563749
1.225927673942815
2.9150949896368683
8.810319056249226
4.2599378014428195
2.436288015100227
0.0
0.0
1.054862241529679
1.028305844322112
12.563567899945552
14.118084572376013
13.278791785367295
13.712375512788956
14.449793090559675
12.73912776410012
13.635814299275278
15.627068283490315
13.746494494379144
13.025662921503807
10.162295580145273
10.966261064626709
10.276589763676443
10.813515841319605
8.886303852961857
13.245845818005506
13.357848521331691
12.51148684548842
13.588654565876473
13.760164470800612
11.033942493039277
12.639041625348435
11.208707354834663
11.172231726490221
11.093673328954834
10.008223665602639
10.046883843720321
9.769616117425725
10.342192435055033
10.91627676164875
6.875088642738333
5.365955427964126
12.663114986207853
13.020390804474925
13.379213082873108
6.4389825387552415
7.220454220420019
10.560674934067029
11.685478159228326
10.012798073280798
3.6869286698639403
6.54845716786295
11.43440084471548
11.18164155456578
10.96501158009606
1.166960799311487
0.0
5.43577236763658
2.388620074679692
4.144526425091094
1.3161632725303223
2.420923661230188
6.047172124097587
2.180001392263501
7.585595563958498
-0.21671315121518858
0.04208732165105165
2.437433823265224
4.28460835036834
0.0
10.168214332446915
12.022197937112653
11.137475427538426
11.295997340249356
10.92239427557886
11.625152302447082
11.133071945839728
11.568693139546317
11.578635824087497
11.238635159078102
10.307414687582712
10.914879566359716
10.018622239434121
8.839538971454777
10.759919226205122
11.503667214897927
11.397352097706213
11.208077183466873
12.420215051936559
11.465124834472942
11.933785682834413
10.693224372170517
12.252487823141907
11.676269228659622
11.508760984852822
9.689658480272525
9.808133333877954
8.911530029967311
9.802022413864968
9.536690134600434
5.07219832910634
12.83735483398818
11.778958393075023
12.128279428582916
11.539414944198866
0.235981006568025
7.707736625280738
10.707719428225925
12.04274385802942
11.004325732981794
-0.5190715775478272
6.923578764903152
9.626339221452536
10.914207514917683
9.080971470179056
1.4342368007378694
2.2448114366675815
5.810223894681983
2.5808369952731187
0.9001790731584154
0.2943389341941389
4.081662958694887
11.061709765050505
3.2386237202848367
2.6764033663307396
-0.16225134398548724
-0.19900338406412638
0.0
0.878752841722201
0.0
10.69402184548204
10.258740979670426
12.55873093664603
12.699754539380262
12.531660424867798
12.494965847751825
12.188733727157224
12.05718141114933
11.322204610988255
11.480291184947271
9.949196420846853
9.87114094479304
9.10621345911727
10.269961213234648
9.494154788858456
12.41198301562743
12.694076217607439
12.92082697802489
12.292502434979175
11.37232995623146
11.353549246398583
11.373492733077248
11.251251130338542
11.046227606383132
11.678189424060546
10.691644010351872
10.987441638031761
9.786639185413202
10.522063297655773
10.330943989040941
5.539899610357391
8.7935713047224
12.768774104985951
12.578826024825993
13.321818166714472
5.232723464712558
6.003300274086813
10.612209301743448
11.850666239845106
11.631699146690226
5.044987651767815
4.110392924179802
10.485276927557427
10.961284538341328
10.005877934841477
1.4469095442171458
1.955251705223599
5.77020010105263
2.163568072234262
5.533457375959484
2.8975387298708735
-1.2652509201255664
5.326166640064841
10.177354255239473
2.1650585884832885
1.625926518159187
0.8897516824164369
0.0
1.6474373078741942
6.144287219160578
0.33765332250840774
0.4940167380616735
0.2882323962310117
-0.6777809177712684
0.24225199928732202
2.235281797340184
1.8464892622239057
2.414035387783395
2.7766904056608923
2.39438424579351
11.4647281652789
11.63630082361686
10.272693741288174
10.845596007433313
11.122959830446854
0.044550000000000006
0.0428008206280787
0.0
0.0
0.05180147520824621
0.0
-0.8073127155672939
0.0
0.0
0.0
0.0
3.860256650575208
2.303035237313922
4.01976815783737
0.0
0.0
0.0
0.5441109602587231
1.0698261380306844
0.0
0.0
1.1697482805179424
0.0
0.0
0.0
8.597010096355694
2.248460875071655
10.76092643094366
12.46534852474219
8.079497472825548
0.0
0.0
0.0
0.0
0.0
0.0
0.0
0.0
0.0
0.0
0.0
0.0
0.0
0.0
0.0
0.08320103329948392
0.0
0.7183346075473503
0.015027496873323696
0.05038055914182412
0.015255765332319572
0.0
0.08921500194338931
0.0
0.015255765332319572
9.742144989040684
10.585649402412031
10.287765184747883
10.470453191167088
10.997713361190918
0.0
0.0
0.0
0.0
0.0
0.0
0.0
0.0
0.0
0.0
0.0
0.0
0.0
0.0
1.0792705201617936
0.0
0.0
0.0
0.0
0.0
0.0
0.0
0.0
0.0
0.0
2.4690312447378453
3.3792294158989193
10.49971822711256
6.03502288623632
5.9992730915326895
0.0
0.0
0.0
0.0
0.0
0.0
0.0
0.0
0.0
0.0
0.0
0.0
0.0
0.0
0.0
-0.1620310840209967
1.9492224045223399
1.3786134490981954
1.2808508118097655
1.6328997989911223
0.8052469532277267
1.8369911268353298
-0.4189593613442656
0.42152657357853196
-0.36851595506366386
11.229117977772148
10.876567229968371
12.35710926984638
11.215786080762419
12.446912264563897
0.19413375431856394
0.1484454362719202
0.0
0.0
0.0
0.0
0.0
0.0
0.0
0.0
2.2072109303632876
2.463952822607018
0.0
1.0690003428249233
0.0
0.0
0.0
0.0
1.2718440822479895
0.0
0.0
0.14544787113281737
0.0
0.0
0.0
0.4154989338325231
10.201751573352762
11.398836411653239
8.491187101236719
8.917672950161244
0.0
0.0
0.0
0.0
0.0
0.0
0.0
0.0
0.0
0.0
0.0
0.0
0.0
0.0
0.0
0.062399143007605566
0.6795266673528246
0.21682365388841054
0.0
0.0
1.0141209186617453
1.4657121241808846
0.7665557586618832
0.46454337909379917
0.5694599637022286
10.427993161731422
10.102755668088655
10.275720519981117
10.426191087425035
10.535130950132608
0.0
0.0
0.0
0.0
0.0
0.0
0.0
0.0
0.0
0.0
0.8243137717269035
0.9302780677704681
0.0
0.0
0.0
0.0
0.0
0.0
0.0
0.0
0.0
0.0
0.0
0.0
0.0
3.2486312452488395
5.623363357984912
9.535220573083427
7.768474698781949
10.147117893543836
0.0
0.0
0.0
0.0
0.0
0.0
0.0
0.0
0.0
0.0
0.0
0.0
0.0
0.0
0.0
0.0
0.0
0.0
0.0
0.0
0.0
0.0
0.0
0.0
0.0
7.54477179929307
7.46274336082531
7.45888807038749
7.764895369696281
7.149560887581537
0.0
0.0
0.0
0.0
0.0
0.0
0.0
0.0
0.0
0.0
0.0
0.0
0.0
0.0
0.0
0.0
0.0
0.0
0.0
0.0
0.0
0.0
0.0
0.0
0.0
6.236440441969143
-2.918318836016656
5.361645421313083
6.9690576520881855
6.052090383667098
0.0
0.0
0.0
0.0
0.0
0.0
0.0
0.0
0.0
0.0
0.0
0.0
0.0
0.0
0.0
0.0
0.0
0.0
0.0
0.0
0.0
0.0
0.0
0.0
0.0
7.480548637815468
7.396947862235108
7.5934475584772345
7.372266294848242
7.3295981454151855
0.0
0.0
0.0
0.0
0.0
0.0
0.0
0.0
0.0
0.0
0.0
0.0
0.0
0.0
0.0
0.0
0.0
0.0
0.0
0.0
0.0
0.0
0.0
0.0
0.0
0.7287842269165529
-3.4219654373705692
4.5946457937232985
5.224945070543745
3.4966683800226104
0.0
0.0
0.0
0.0
0.0
0.0
0.0
0.0
0.0
0.0
0.0
0.0
0.0
0.0
0.0
-0.81
0.0
0.0
0.0
0.0
0.0
0.0
0.0
0.0
0.0
6.70626224051489
6.950311976165751
7.245800859239101
7.4663244649023675
6.477669740701675
0.0
0.0
0.0
0.0
0.0
0.0
0.0
0.0
0.0
0.0
0.0
0.0
0.0
0.0
0.0
0.0
0.0
0.0
0.0
0.0
0.0
0.0
0.0
0.0
0.0
-3.913739154020898
3.4681678067601527
7.20487495548809
5.424907677756258
4.8229476924944095
0.0
0.0
0.0
0.0
0.0
0.0
0.0
0.0
0.0
0.0
0.0
0.0
0.0
0.0
0.0
0.0
0.0
0.0
0.0
0.0
0.0
0.0
0.0
0.0
0.0
6.4639640534700975
6.693373660206618
7.141245741064434
6.264217337821027
6.825411234613687
0.0
0.0
0.0
0.0
0.0
0.0
0.0
0.0
0.0
0.0
0.0
0.0
0.0
0.0
0.0
0.0
0.0
0.0
0.0
0.0
0.0
0.0
0.0
0.0
0.0
0.21220498811685018
-1.438359003263292
3.7502238973920865
3.8194766472068333
5.490828262554733
0.0
0.0
0.0
0.0
0.0
0.0
0.0
0.0
0.0
0.0
0.0
0.0
0.0
0.0
0.0
